Request Rate,Inferences/Second,Client Send,Network+Server Send/Recv,Server Queue,Server Compute Input,Server Compute Infer,Server Compute Output,Client Recv,p50 latency,p90 latency,p95 latency,p99 latency
16,15.6082,982,1109,226,303,4568,171,746,7605,10029,11165,16340
