Request Rate,Inferences/Second,Client Send,Network+Server Send/Recv,Server Queue,Server Compute Input,Server Compute Infer,Server Compute Output,Client Recv,p50 latency,p90 latency,p95 latency,p99 latency
50,49.172,953,1241,2503,383,10127,196,937,14667,24440,26342,30222
